Numrails 4

Rail 0
Start 1
0 1 0
10 7 3
10 2 15
10 2 22
5 5 42
15 7 62
5 2 80
10 2 100
15 2 120
15 7 140
30 15 160
30 22 170
20 20 180
15 30 210
20 40 200
-10000 -10000 -10000

Rail 1
Start 0
1 0 0
0 5 3
7 4 3
6 6 13
6 6 20
10 5 40
10 15 60
10 20 80
15 30 100
15 20 120
-10000 -10000 -10000

Rail 2
Start 5
0 0 1
5 15 60
5 20 80
10 30 100
10 10 120
10 00 140
-25 20 140
-30 40 140
-35 50 160
-10000 -10000 -10000

Rail 3
Start 9
0 1 1
8 10 140
-23 20 140
-28 40 140
-33 50 160
-32 64 180
-20 75 200
-10 60 200
-10 40 200
-10 20 220
-10000 -10000 -10000

1 0 1
2 0 1
3 0 1
5 1 2
7 0 2
9 2 3
-10000 -10000 -10000

Cube Black       0 15 160      15 15 15      1 0 0
x x 0 0 0 0 0 0 0 0 0 