Numrails 7

Rail 0
Start 0
0 1 0
1 2 15
1 4 10
1 6 5
1 8 0
-10000 -10000 -10000

Rail 1
Start 0
1 0 0
0 2 15
0 4 10
0 6 5
0 8 0
0 10 -10
0 10 -20
0 10 -30
0 10 -45
-10000 -10000 -10000

Rail 2
Start 4
0 0 1
2 10 -10
2 10 -20
2 10 -30
10 8 -45
20 4 -55
20 8 -65
15 8 -75
20 8 -85
25 8 -95
45 6 -95
50 5 -90
50 5 -120
50 5 -100
-10000 -10000 -10000

Rail 3
Start 6
0 1 1
-5 10 -29
14 8 -45
19 4 -55
25 8 -60
35 8 -67
25 8 -75
35 8 -77
45 8 -82
53 5 -95
53 5 -110
53 5 -130
53 5 -140
-10000 -10000 -10000

Rail 4
Start 14
1 0 1
55 5 -120
55 5 -110
55 5 -130
65 5 -130
75 5 -130
75 5 -100
70 1 -80
65 1 -70
55 14 -65
45 16 -70
35 16 -70
-10000 -10000 -10000

Rail 5
Start 21
1 1 0
65 15 -70
55 18 -65
45 20 -70
35 24 -80
25 26 -85
20 22 -90
18 20 -100
16 15 -110
14 10 -120
5 6 -120
0 3 -120
-10000 -10000 -10000

Rail 6
Start 28
0.7 0.3 0
16 10 -112
14 10 -122
5 6 -122
0 6 -122
-5 10 -110
-20 10 -130
-50 10 -140
-10000 -10000 -10000

0 0 1
4 1 2
6 2 3
7 2 3
13 2 3
14 3 4
21 4 5
28 5 6
-10000 -10000 -10000

SwitchText Black       1 4 0      1 1 1      1.0 1.0 0
Title Black            0 10 -50   4 4 4      1.0 1.0 0
cat Black	       30 12 -80  25 25 25   1 0 1
cuberoom  Black        -10 8.6 -120   3 3 3      1 0 0
Cube Black        -8 4 -116   2 2 2      1 1 1
Cone Black        -8 4 -124   2 2 2      1 1 1
x x 0 0 0 0 0 0 0 0 0 